function [istFarben]= scanAll

scanPos1 = [207.7012,-49.8483,65,90]
scanPos2 = [206.5,0,65,90]
scanPos3 = [207.7012,49.8483,65,90]
scanPos4 = [267.2926,-51.7340,65,90]
scanPos5 = [206.5,0,65,90]
scanPos6 = [267.2926,51.7340,65,90]
scanPos7 = [327.0609,-53.0369,65,90]
scanPos8 = [206.5,0,65,90]
scanPos9 = [327.0609,53.0369,65,90]

end


